ID,V,V-I,V-R,R-I
5212528,6.977937431123282,1.535696,0.7787439999999999,0.7569520000000001
5212026,7.0809374311232816,1.793696,0.921744,0.8719520000000001
5220234,8.773937431123281,2.138696,1.1187439999999995,1.0199520000000002
5221173,7.862937431123283,1.744696,0.8717439999999999,0.8729520000000002
5220019,7.743937431123284,1.7066960000000002,0.8777440000000001,0.8289520000000001
5220884,6.017937431123283,2.257696,1.1547439999999998,1.102952
5212242,5.162937431123282,1.755696,0.872744,0.8829520000000002
5211764,8.88993743112328,2.112696,1.131744,0.9809519999999996
5214145,8.681937431123282,2.166696,1.144744,1.021952
5214682,7.673937431123283,2.007696,0.9647439999999998,1.042952
5214752,5.306937431123282,1.3476960000000002,0.658744,0.6889520000000002
5220714,8.718937431123281,2.008696,1.025744,0.982952
5221242,7.981937431123283,2.042696,1.0417439999999998,1.000952
5220364,7.126937431123283,1.643696,0.8287439999999999,0.8149520000000001
5220131,8.79093743112328,2.041696,1.047744,0.993952
5221924,7.386937431123281,2.073696,1.0577439999999998,1.0159520000000002
5211725,7.219937431123283,1.7506960000000005,0.8617440000000001,0.8889520000000002
5212574,8.632937431123283,2.002696,1.007744,0.9949519999999998
5213187,7.799937431123281,1.889696,0.962744,0.926952
5213646,6.888937431123281,1.515696,0.7177439999999999,0.797952
5213408,7.727937431123282,1.748696,0.8447439999999999,0.903952
5214315,-0.0530625688767171,1.0776960000000002,0.371744,0.7059520000000001
5214355,-0.0530625688767171,1.0776960000000002,0.370744,0.7069520000000002
5214845,8.490937431123283,2.009696,1.024744,0.984952
5214879,5.050937431123282,1.169696,0.5967439999999999,0.5729520000000001
5215425,8.340937431123281,2.378696,1.148744,1.2299519999999995
5215669,7.803937431123282,1.8026960000000003,0.898744,0.9039520000000004
5220739,8.78793743112328,2.140696,1.0737439999999998,1.066952
5220146,6.9029374311232825,1.471696,0.753744,0.7179519999999999
5220990,7.53493743112328,1.864696,0.9447439999999998,0.9199520000000004
5220221,1.6619374311232828,1.135696,0.3097439999999999,0.825952
5221033,5.502937431123282,2.429696,1.253744,1.175952
5222420,2.1929374311232817,1.156696,0.4037439999999999,0.7529520000000001
5221933,8.307937431123284,2.195696,1.1107439999999995,1.084952
5221698,2.3449374311232827,2.145696,0.884744,1.260952
5222419,6.779937431123281,1.7676960000000002,0.886744,0.8809520000000002
5222078,4.759937431123282,1.2546960000000005,0.648744,0.6059520000000003
5211995,8.132937431123283,1.834696,0.8917439999999999,0.942952
5212419,5.635937431123281,1.483696,0.7307439999999998,0.7529520000000001
5212914,7.930937431123281,1.968696,1.011744,0.9569520000000002
5213921,6.095937431123282,1.486696,0.749744,0.736952
5214429,7.165937431123282,1.691696,0.8407439999999999,0.8509520000000002
5214470,4.900937431123282,1.2876960000000002,0.636744,0.6509520000000002
5213030,8.324937431123283,2.138696,1.055744,1.082952
5213187,7.721937431123282,1.6466960000000002,0.8227439999999999,0.8239520000000002
5214926,7.083937431123282,1.4806960000000002,0.7387439999999998,0.7419520000000004
5221399,8.977937431123282,2.223696,1.1027439999999995,1.1209520000000002
5222761,8.842937431123284,1.989696,0.953744,1.0359520000000002
5222885,8.463937431123282,1.8876960000000005,0.945744,0.9419520000000003
5222114,8.491937431123281,1.8996960000000005,0.951744,0.9479520000000003
5222896,8.151937431123281,1.812696,0.876744,0.935952
5222701,7.794937431123282,1.7956960000000002,0.8797439999999999,0.9159520000000004
5214374,6.921937431123283,1.893696,0.9927439999999998,0.9009520000000002
5213112,7.296937431123283,2.016696,1.009744,1.006952
5213956,6.090937431123281,1.696696,0.850744,0.845952
5214877,6.395937431123283,2.091696,1.064744,1.026952
5215031,6.446937431123283,1.785696,0.915744,0.8699520000000001
5214984,6.920937431123281,1.425696,0.708744,0.716952
5215459,5.860937431123283,1.4156960000000005,0.716744,0.6989520000000002
5221434,6.709937431123283,1.7786960000000005,0.8797439999999999,0.8989520000000004
5222336,6.227937431123282,1.4966960000000002,0.7387439999999998,0.7579520000000004
5222757,8.706937431123281,2.190696,1.1347439999999998,1.0559520000000002
5214296,7.558937431123281,1.864696,0.959744,0.9049520000000002
5214683,6.985937431123283,1.736696,0.8657440000000001,0.870952
5215826,8.06693743112328,1.803696,0.9207439999999998,0.8829520000000004
5215462,8.879937431123283,2.049696,1.0417439999999998,1.0079520000000002
5220231,5.792937431123281,1.340696,0.656744,0.6839520000000001
5220553,6.295937431123281,1.479696,0.7877439999999998,0.6919520000000001
5212477,8.943937431123283,2.517696,1.289744,1.227952
5214296,7.548937431123283,1.876696,0.880744,0.9959520000000002
5213804,8.568937431123283,2.137696,1.0377439999999998,1.0999520000000005
5214336,7.121937431123282,1.7146960000000002,0.8077439999999998,0.9069520000000004
5214683,7.025937431123282,1.757696,0.8557439999999998,0.901952
5214864,5.774937431123282,1.5286960000000005,0.7057439999999999,0.8229520000000003
5214986,8.208937431123283,2.255696,1.1097439999999998,1.145952
5214864,5.774937431123282,1.5286960000000005,0.7057439999999999,0.8229520000000003
5215826,8.026937431123281,1.725696,0.8277439999999998,0.8979520000000001
5215193,6.5329374311232815,1.4886960000000002,0.690744,0.7979520000000002
5215185,6.773937431123283,1.5136960000000002,0.684744,0.8289520000000001
5220536,8.940937431123283,2.282696,1.157744,1.1249519999999995
5220339,7.007937431123283,1.852696,0.910744,0.941952
5220553,6.311937431123281,1.477696,0.753744,0.7239520000000002
5222857,6.565937431123283,1.5496960000000002,0.745744,0.8039520000000002
5222891,6.565937431123283,1.5496960000000002,0.745744,0.8039520000000002
5222447,7.520937431123281,1.8996960000000005,0.990744,0.9089520000000002
5222400,6.6849374311232825,1.461696,0.6957439999999999,0.7659520000000002
5211803,8.457937431123282,2.257696,1.1427439999999998,1.114952
5213328,8.577937431123283,2.758696,1.2067439999999998,1.5519519999999998
5213943,6.258937431123282,2.175696,1.083744,1.0919519999999998
5213401,8.340937431123281,2.050696,0.946744,1.1039519999999998
5213291,6.392937431123283,2.261696,1.1067439999999995,1.154952
5214972,5.647937431123282,1.338696,0.6297440000000001,0.7089519999999998
5214507,7.176937431123282,2.079696,1.028744,1.050952
5215632,7.747937431123281,1.943696,0.9367439999999998,1.006952
5215217,5.853937431123283,1.815696,0.890744,0.9249520000000002
5215941,8.000937431123281,1.9236960000000003,0.929744,0.9939520000000004
5220479,6.478937431123283,1.510696,0.6757439999999999,0.8349520000000001
5220779,6.829937431123282,1.608696,0.7587439999999999,0.849952
5220562,8.245937431123282,1.914696,0.953744,0.960952
5220481,6.363937431123283,1.501696,0.6957439999999999,0.8059520000000002
5222676,5.9509374311232826,1.3516960000000002,0.6877439999999999,0.6639520000000003
5222192,5.818937431123283,1.515696,0.7157439999999999,0.799952
5221592,8.160937431123282,4.791696,2.777744,2.013952
5221719,7.9909374311232835,1.934696,0.970744,0.963952
5221956,8.193937431123283,2.070696,1.020744,1.049952
5211662,3.8359374311232814,1.189696,0.539744,0.6499520000000001
5213167,2.6549374311232814,1.1866960000000002,0.6077440000000001,0.5789520000000001
5214308,8.206937431123281,2.375696,1.237744,1.1379519999999996
5214155,8.786937431123283,1.948696,0.9887439999999998,0.9599520000000004
5214026,8.29393743112328,2.054696,0.9847439999999998,1.069952
5215786,8.885937431123283,2.040696,1.0457439999999998,0.9949520000000004
5215801,6.931937431123282,1.872696,0.911744,0.9609520000000004
5215791,6.577937431123281,1.971696,0.973744,0.997952
5221501,7.674937431123281,1.868696,0.905744,0.962952
5220584,5.621937431123282,1.3916960000000005,0.6437440000000001,0.7479520000000002
5221867,8.657937431123282,1.974696,0.9487439999999998,1.0259520000000002
5222865,8.734937431123283,1.906696,0.888744,1.017952
5221864,4.214937431123282,1.149696,0.5507439999999999,0.5989520000000002
5222300,7.098937431123282,1.6416960000000005,0.7767440000000001,0.8649520000000002
5221501,7.674937431123281,1.868696,0.905744,0.962952
5212572,8.923937431123283,2.146696,1.103744,1.042952
5212417,8.826937431123282,2.205696,1.060744,1.1449519999999995
5214428,6.9639374311232825,2.451696,1.220744,1.2309519999999996
5214161,7.300937431123282,1.955696,0.913744,1.041952
5213130,8.725937431123283,2.082696,0.996744,1.085952
5214195,7.5839374311232834,2.124696,1.014744,1.1099519999999996
5213794,7.631937431123282,1.809696,0.868744,0.940952
5215541,7.007937431123283,1.652696,0.8147439999999999,0.837952
5220054,2.143937431123282,0.930696,0.465744,0.4649519999999998
5215176,7.979937431123281,2.338696,1.161744,1.1769519999999998
5214907,8.221937431123282,2.626696,1.3487439999999995,1.2779520000000002
5215233,7.766937431123283,1.7706960000000005,0.849744,0.9209520000000002
5220484,8.905937431123283,1.916696,0.9367439999999998,0.9799520000000004
5220226,8.206937431123281,2.054696,1.017744,1.036952
5220917,5.363937431123283,1.485696,0.7447440000000001,0.740952
5220054,2.143937431123282,0.930696,0.465744,0.4649519999999998
5220054,2.143937431123282,0.930696,0.465744,0.4649519999999998
5222176,8.971937431123282,2.548696,1.1547439999999998,1.393952
5221504,8.583937431123283,2.107696,1.012744,1.094952
5222507,7.8049374311232835,3.026696,1.3317439999999998,1.694952
5212876,7.3149374311232815,1.697696,0.785744,0.911952
5211846,8.54393743112328,1.840696,0.8897440000000001,0.950952
5213220,8.834937431123281,1.937696,0.9207439999999998,1.0169520000000003
5214031,8.129937431123283,2.175696,1.078744,1.096952
5213944,8.78793743112328,2.099696,1.048744,1.050952
5213607,7.410937431123282,2.517696,1.111744,1.405952
5215015,8.664937431123283,1.9396960000000003,0.9327439999999998,1.0069520000000003
5215880,7.75293743112328,1.901696,0.967744,0.933952
5215441,8.539937431123283,2.954696,1.269744,1.6849519999999998
5220835,8.44793743112328,1.8916960000000005,0.973744,0.9179520000000004
5221499,6.8259374311232826,1.9316960000000003,0.963744,0.9679520000000004
5220864,8.45093743112328,1.894696,0.967744,0.926952
5221499,6.8259374311232826,1.9316960000000003,0.963744,0.9679520000000004
5221346,5.552937431123283,1.377696,0.642744,0.734952
5222843,8.471937431123282,2.187696,1.124744,1.062952
5222894,7.243937431123282,1.868696,0.913744,0.9549520000000002
5222525,7.643937431123282,1.696696,0.8267439999999999,0.8699520000000001
5223748,7.341937431123283,1.7706960000000005,0.8757439999999999,0.8949520000000004
5224100,7.961937431123284,2.400696,1.127744,1.272952
5223724,7.342937431123282,1.7716960000000002,0.876744,0.8949520000000002
5224100,7.961937431123284,2.400696,1.1307439999999995,1.2699520000000002
5223599,8.382937431123283,2.293696,1.169744,1.1239519999999998
5225976,4.9349374311232825,1.223696,0.6177440000000001,0.605952
5225582,4.7989374311232815,1.471696,0.666744,0.8049519999999999
5225626,4.220937431123282,1.668696,0.817744,0.8509519999999999
5225533,8.44493743112328,1.7826960000000005,0.8837439999999999,0.8989520000000004
5230394,5.708937431123282,1.3676960000000002,0.670744,0.6969520000000002
5232228,4.780937431123283,1.312696,0.6597439999999999,0.6529520000000002
5233731,6.660937431123282,1.748696,0.8837439999999999,0.8649520000000002
5233774,6.660937431123282,1.748696,0.8837439999999999,0.8649520000000002
5233090,4.489937431123282,1.2466960000000002,0.6677439999999999,0.5789520000000004
5223224,6.264937431123283,1.7836960000000002,0.888744,0.8949520000000002
5225727,6.779937431123281,1.595696,0.8117439999999998,0.7839520000000002
5230498,6.465937431123281,2.151696,1.059744,1.0919519999999998
5230236,4.622937431123281,1.240696,0.6497440000000001,0.5909519999999999
5230058,7.057937431123282,1.7676960000000002,0.8997439999999999,0.8679520000000003
5230746,7.811937431123281,2.703696,1.257744,1.445952
5231341,6.0009374311232815,1.4356960000000003,0.710744,0.7249520000000003
5231191,7.940937431123283,1.697696,0.813744,0.8839519999999998
5232670,8.464937431123284,2.283696,1.090744,1.192952
5233204,8.962937431123281,2.159696,1.144744,1.014952
5233228,6.941937431123282,1.837696,0.942744,0.894952
5233383,5.508937431123282,1.550696,0.8127439999999999,0.7379520000000002
5233417,5.6049374311232825,1.781696,0.9447439999999998,0.8369520000000001
5223400,5.675937431123282,2.205696,1.129744,1.0759519999999998
5224365,6.770937431123283,1.832696,0.9287439999999998,0.9039520000000004
5225069,7.290937431123282,1.860696,0.961744,0.8989520000000002
5225366,7.644937431123283,2.760696,1.253744,1.5069519999999998
5225196,5.646937431123282,1.320696,0.6437440000000001,0.676952
5231165,6.134937431123282,1.4316960000000003,0.729744,0.7019520000000004
5231036,6.5329374311232815,1.3796960000000005,0.684744,0.6949520000000002
5230531,4.432937431123282,1.4156960000000005,0.7037439999999999,0.7119520000000004
5231079,5.276937431123281,1.386696,0.6957439999999999,0.690952
5231175,6.134937431123282,1.4326960000000002,0.729744,0.7029520000000002
5232468,5.708937431123282,2.538696,1.289744,1.2489519999999998
5231565,6.913937431123282,1.5446960000000003,0.7667439999999999,0.7779520000000004
5231636,5.319937431123282,1.293696,0.6357440000000001,0.6579519999999999
5231631,5.679937431123282,1.324696,0.648744,0.6759520000000001
5234028,6.4689374311232815,1.6666960000000002,0.8937440000000001,0.7729520000000001
5233101,6.352937431123282,1.731696,0.880744,0.8509520000000002
5222885,8.496937431123284,1.833696,0.923744,0.909952
5222896,8.157937431123282,1.7986960000000003,0.925744,0.8729520000000004
5222701,7.797937431123282,1.7786960000000005,0.906744,0.8719520000000003
5224962,8.143937431123282,1.861696,0.913744,0.947952
5225150,6.454937431123282,1.5366960000000005,0.7527440000000001,0.7839520000000002
5225484,7.009937431123282,1.482696,0.708744,0.773952
5224989,6.346937431123282,1.5376960000000002,0.763744,0.7739520000000002
5224938,8.144937431123283,1.862696,0.914744,0.947952
5224522,7.279937431123281,1.663696,0.8387439999999999,0.8249520000000001
5230170,6.670937431123281,1.965696,1.009744,0.955952
5230333,6.1849374311232825,1.3916960000000005,0.6917439999999999,0.6999520000000004
5231088,6.722937431123283,1.7826960000000005,0.9407439999999998,0.8419520000000005
5230611,4.194937431123282,1.257696,0.6197440000000001,0.6379519999999999
5230627,6.967937431123282,1.6826960000000002,0.8087439999999999,0.8739520000000003
5230835,6.158937431123283,1.4326960000000002,0.7427439999999998,0.6899520000000003
5232442,7.619937431123281,1.829696,0.947744,0.8819520000000001
5232129,7.559937431123282,1.6336960000000005,0.809744,0.8239520000000002
5232146,8.109937431123283,1.902696,0.955744,0.946952
5231777,7.512937431123282,1.600696,0.7947439999999999,0.805952
5232288,6.300937431123282,1.449696,0.712744,0.736952
5233212,7.010937431123281,1.708696,0.8757439999999999,0.8329520000000001
5233698,6.118937431123282,1.333696,0.6597439999999999,0.6739520000000001
5222757,8.434937431123283,2.048696,1.013744,1.034952
5223588,2.839937431123282,2.318696,1.1347439999999998,1.183952
5223157,6.566937431123282,1.816696,0.911744,0.9049520000000002
5223167,7.845937431123284,1.753696,0.854744,0.898952
5225946,8.207937431123282,1.853696,0.9607439999999998,0.8929520000000002
5224684,8.10193743112328,2.711696,1.2597439999999998,1.451952
5224672,8.00293743112328,2.701696,1.2317439999999995,1.469952
5224557,7.994937431123281,1.680696,0.8077439999999998,0.8729520000000002
5225080,5.240937431123282,1.631696,0.8307439999999999,0.8009520000000001
5225693,6.170937431123281,1.664696,0.841744,0.8229519999999999
5224915,6.5439374311232825,1.7586960000000005,0.8877439999999999,0.8709520000000004
5224802,7.037937431123282,1.955696,0.990744,0.9649519999999998
5230909,7.231937431123281,1.507696,0.747744,0.759952
5231365,5.063937431123282,1.344696,0.6637439999999999,0.6809520000000002
5230142,7.881937431123282,1.707696,0.8357439999999998,0.8719520000000003
5230147,6.526937431123281,1.579696,0.7747439999999999,0.8049520000000001
5230114,5.411937431123283,2.178696,1.1147439999999995,1.0639520000000002
5230367,6.355937431123282,1.963696,0.981744,0.981952
5232016,6.8709374311232825,1.898696,0.975744,0.922952
5232675,2.7999374311232827,0.791696,0.3757439999999999,0.415952
5231964,6.779937431123281,1.442696,0.710744,0.7319519999999999
5231790,6.885937431123281,1.538696,0.755744,0.7829520000000001
5231776,7.474937431123282,1.6626960000000002,0.8357439999999998,0.8269520000000004
5231790,6.885937431123281,1.538696,0.755744,0.7829520000000001
5233688,8.312937431123283,2.101696,1.155744,0.945952
5233259,6.175937431123282,1.660696,0.8367439999999999,0.823952
5233371,7.094937431123283,1.712696,0.8537440000000001,0.8589519999999999
5224239,7.937937431123283,1.940696,1.008744,0.9319520000000004
5223501,7.106937431123281,2.008696,1.021744,0.986952
5223879,7.092937431123282,1.756696,0.921744,0.8349520000000001
5225128,7.050937431123282,1.781696,0.888744,0.892952
5230715,7.707937431123282,1.741696,0.856744,0.884952
5222891,6.514937431123283,1.510696,0.755744,0.7549520000000001
5222891,6.514937431123283,1.510696,0.755744,0.7549520000000001
5224239,7.9079374311232815,1.909696,0.9607439999999998,0.9489520000000002
5223422,6.608937431123282,1.872696,0.925744,0.9469520000000002
5223694,6.608937431123282,2.114696,1.060744,1.053952
5223737,7.261937431123282,1.837696,0.906744,0.930952
5223879,7.102937431123282,1.759696,0.921744,0.8379520000000003
5225128,7.069937431123282,1.7706960000000005,0.8797439999999999,0.8909520000000004
5230715,7.709937431123281,1.761696,0.8317439999999998,0.929952
5232008,5.615937431123282,1.8026960000000003,0.914744,0.8879520000000003
5232804,7.5839374311232834,1.607696,0.785744,0.821952
5233241,8.142937431123281,2.263696,1.1147439999999995,1.1489520000000002
5233313,6.640937431123282,1.612696,0.8147439999999999,0.797952
5233230,8.148937431123281,2.270696,1.119744,1.1509519999999995
5224052,6.358937431123282,1.765696,0.8917439999999999,0.8739520000000001
5224105,6.983937431123282,1.450696,0.710744,0.7399519999999999
5224175,5.953937431123283,2.107696,1.051744,1.0559519999999998
5224416,8.077937431123283,1.761696,0.8737440000000001,0.8879519999999999
5223356,4.281937431123282,1.962696,0.994744,0.967952
5223204,7.770937431123281,1.838696,0.933744,0.904952
5225289,5.036937431123283,2.024696,1.030744,0.993952
5224635,6.840937431123281,1.459696,0.7117439999999999,0.747952
5225808,5.425937431123282,1.868696,0.9487439999999998,0.9199520000000004
5225690,6.2829374311232815,1.547696,0.7607440000000001,0.7869519999999999
5225713,6.2829374311232815,1.547696,0.7607440000000001,0.7869519999999999
5225614,7.445937431123282,1.588696,0.7877439999999998,0.8009520000000001
5224548,5.608937431123282,1.6546960000000002,0.8677439999999998,0.7869520000000003
5225868,4.333937431123282,1.7786960000000005,0.892744,0.8859520000000003
5230280,4.529937431123281,1.466696,0.7267439999999998,0.7399520000000002
5230174,6.884937431123282,1.744696,0.866744,0.8779520000000001
5230093,6.706937431123283,1.555696,0.769744,0.785952
5230079,5.3869374311232825,1.570696,0.7707439999999999,0.7999520000000002
5232733,7.019937431123282,1.6416960000000005,0.8187439999999999,0.8229520000000003
5232510,4.765937431123282,1.062696,0.509744,0.5529520000000001
5233505,7.228937431123283,1.7106960000000002,0.8467439999999999,0.8639520000000003
5224307,6.260937431123281,1.6706960000000002,0.821744,0.8489520000000002
5224998,3.177937431123283,0.844696,0.4057439999999999,0.438952
5225273,6.590937431123281,1.4486960000000002,0.720744,0.7279520000000002
5225042,6.969937431123283,1.591696,0.7787439999999999,0.8129520000000001
5225458,7.956937431123281,1.804696,0.874744,0.929952
5230059,8.269937431123283,2.453696,1.144744,1.308952
5230694,6.037937431123282,1.285696,0.634744,0.650952
5230206,3.602937431123282,1.511696,0.7527440000000001,0.7589519999999998
5231408,7.311937431123281,1.632696,0.8287439999999999,0.803952
5231162,4.1419374311232815,1.5326960000000005,0.7707439999999999,0.7619520000000004
5232373,5.952937431123281,1.284696,0.6337440000000001,0.650952
5232502,5.778937431123282,1.2266960000000002,0.591744,0.6349520000000002
5232359,3.9589374311232817,1.5936960000000002,0.8087439999999999,0.7849520000000003
5232318,3.9589374311232817,1.5936960000000002,0.8087439999999999,0.7849520000000003
5231728,7.491937431123281,1.591696,0.7957439999999998,0.7959520000000002
5231866,7.324937431123281,2.553696,1.175744,1.3779519999999998
5223020,7.128937431123282,1.6616960000000005,0.8477439999999998,0.8139520000000005
5224155,7.456937431123281,1.6096960000000002,0.8187439999999999,0.7909520000000003
5223951,8.295937431123283,1.916696,0.918744,0.9979520000000002
5225958,4.322937431123282,1.188696,0.5727439999999999,0.615952
5225275,7.203937431123283,1.527696,0.751744,0.775952
5230134,6.654937431123281,1.639696,0.7867439999999999,0.8529520000000002
5230861,7.840937431123281,1.695696,0.856744,0.8389520000000001
5230346,7.3759374311232815,1.7786960000000005,0.906744,0.8719520000000003
5230345,2.352937431123282,1.594696,0.8307439999999999,0.7639520000000002
5230612,6.435937431123282,1.697696,0.8467439999999999,0.8509519999999999
5232793,6.053937431123282,1.618696,0.8107439999999999,0.8079520000000002
5233262,5.4849374311232815,1.197696,0.563744,0.6339519999999998
5222843,8.47693743112328,2.168696,1.1627439999999998,1.005952
5222894,7.202937431123281,1.8916960000000005,0.914744,0.9769520000000004
5223922,8.299937431123281,2.304696,1.199744,1.1049519999999995
5224655,8.838937431123282,2.163696,1.131744,1.0319519999999998
5225172,2.8039374311232823,1.0176960000000002,0.485744,0.5319520000000002
5230042,5.438937431123282,1.6746960000000002,0.8267439999999999,0.8479520000000003
5232486,5.598937431123282,1.6426960000000002,0.8537440000000001,0.7889520000000001
5231984,4.889937431123283,1.640696,0.8157439999999998,0.8249520000000001
5231984,4.889937431123283,1.640696,0.8157439999999998,0.8249520000000001
5233987,6.385937431123281,1.459696,0.6997439999999999,0.759952
5233425,6.470937431123282,1.575696,0.8087439999999999,0.7669520000000001
5213254,9.923937431123283,3.025696,1.358744,1.666952
5213964,12.753937431123282,3.480696,1.543744,1.936952
5213341,11.955937431123283,3.163696,1.334744,1.828952
5215019,10.14593743112328,2.935696,1.402744,1.5329519999999996
5222210,9.353937431123285,2.246696,1.136744,1.1099519999999996
5211782,11.137937431123282,2.623696,1.208744,1.4149519999999998
5213671,10.865937431123283,3.246696,1.620744,1.6259519999999996
5213870,9.272937431123284,2.038696,1.002744,1.0359519999999998
5213852,9.280937431123284,2.045696,1.015744,1.029952
5214104,9.385937431123285,2.184696,1.095744,1.0889519999999997
5213566,10.27693743112328,2.624696,1.345744,1.2789519999999996
5215296,11.193937431123285,3.190696,1.578744,1.6119519999999998
5220711,12.21893743112328,3.295696,1.677744,1.617952
5220974,13.134937431123282,3.878696,1.871744,2.006952
5221459,10.512937431123282,3.204696,1.479744,1.7249519999999998
5221384,9.745937431123282,2.239696,1.107744,1.1319519999999998
5221138,9.13393743112328,2.058696,1.029744,1.028952
5220662,11.05893743112328,2.981696,1.550744,1.4309519999999998
5221937,10.781937431123284,2.595696,1.266744,1.328952
5222602,9.38093743112328,2.512696,1.201744,1.3109519999999997
5222801,10.597937431123285,2.928696,1.3397439999999998,1.588952
5222772,9.128937431123282,2.048696,1.038744,1.0099520000000002
5222771,11.512937431123282,3.245696,1.405744,1.839952
5212621,11.928937431123282,3.519696,1.853744,1.6659519999999997
5211942,10.83793743112328,3.459696,1.511744,1.947952
5214069,10.475937431123285,2.673696,1.4047439999999998,1.268952
5221572,10.661937431123285,2.987696,1.3487439999999995,1.638952
5222535,12.09893743112328,2.949696,1.324744,1.6249519999999995
5222522,12.91593743112328,3.691696,1.660744,2.030952
5212976,10.832937431123282,3.301696,1.508744,1.792952
5213680,11.86393743112328,2.920696,1.421744,1.4989519999999998
5213617,9.940937431123285,2.704696,1.3887439999999998,1.315952
5215898,9.493937431123284,2.8196959999999995,1.2637439999999998,1.5559519999999998
5220378,11.97993743112328,3.287696,1.421744,1.865952
5221399,9.032937431123282,2.348696,1.1307439999999995,1.217952
5222099,12.57593743112328,3.191696,1.482744,1.7089519999999998
5222625,10.740937431123283,2.707696,1.403744,1.303952
5211768,10.312937431123284,2.320696,1.112744,1.207952
5212213,11.09893743112328,2.911696,1.4577440000000002,1.4539519999999997
5213906,9.053937431123282,2.217696,1.108744,1.1089519999999995
5213198,10.30293743112328,2.848696,1.409744,1.4389519999999998
5214560,11.414937431123285,2.845696,1.272744,1.5729519999999997
5214512,11.51793743112328,2.985696,1.3327440000000002,1.6529519999999998
5220221,9.919937431123282,2.636696,1.3077439999999998,1.328952
5221485,11.86993743112328,3.341696,1.629744,1.711952
5221175,9.317937431123282,2.070696,1.031744,1.038952
5220523,10.091937431123284,2.709696,1.199744,1.5099519999999995
5220611,12.879937431123285,3.3236959999999995,1.5907440000000002,1.7329519999999994
5212675,9.190937431123285,2.583696,1.3327440000000002,1.2509519999999996
5212858,12.30893743112328,3.105696,1.422744,1.6829519999999996
5212675,9.17793743112328,2.582696,1.3447439999999995,1.2379520000000002
5212534,9.190937431123285,2.236696,1.141744,1.094952
5215947,11.65493743112328,2.913696,1.443744,1.469952
5221253,12.25293743112328,3.277696,1.523744,1.7539519999999995
5221213,9.905937431123284,2.938696,1.297744,1.6409519999999995
5221782,10.745937431123282,2.483696,1.205744,1.2779519999999998
5212823,9.647937431123284,2.381696,1.189744,1.191952
5212747,9.027937431123284,2.287696,1.147744,1.139952
5211845,11.98893743112328,3.381696,1.592744,1.788952
5211726,9.089937431123284,2.304696,0.981744,1.322952
5212038,10.641937431123283,2.696696,1.3687439999999995,1.327952
5212103,9.656937431123284,2.508696,1.272744,1.2359519999999995
5212186,9.05593743112328,2.468696,1.285744,1.1829519999999996
5212994,12.894937431123283,3.427696,1.687744,1.7399519999999995
5211726,9.089937431123284,2.304696,0.981744,1.322952
5214174,9.583937431123283,3.284696,1.474744,1.809952
5214732,12.93393743112328,3.377696,1.486744,1.890952
5214611,12.446937431123285,3.781696,1.776744,2.0049519999999994
5215683,10.61993743112328,3.184696,1.503744,1.6809519999999998
5215347,10.775937431123284,2.488696,1.144744,1.3439519999999996
5220272,10.370937431123282,3.126696,1.4527439999999998,1.673952
5212564,9.063937431123284,2.438696,1.224744,1.2139519999999997
5211767,11.213937431123282,2.583696,1.2187439999999998,1.364952
5211721,10.871937431123284,2.561696,1.253744,1.307952
5214367,12.245937431123282,3.1986959999999995,1.616744,1.5819519999999996
5214243,10.21893743112328,2.570696,1.3117439999999998,1.258952
5213923,9.92193743112328,2.339696,1.111744,1.2279519999999997
5213494,11.079937431123282,3.191696,1.205744,1.985952
5213077,9.353937431123285,2.3196959999999995,1.217744,1.1019519999999996
5215070,11.012937431123282,2.664696,1.317744,1.3469519999999997
5215287,10.54993743112328,2.532696,1.281744,1.2509519999999996
5215174,9.576937431123282,2.096696,1.019744,1.0769519999999997
5215200,9.900937431123284,2.425696,1.159744,1.2659519999999995
5215084,11.216937431123284,2.848696,1.3367440000000002,1.5119519999999995
5215924,11.917937431123285,3.845696,1.756744,2.088952
5215668,11.91593743112328,3.387696,1.548744,1.838952
5220220,9.028937431123284,2.199696,1.1827439999999998,1.016952
5220512,10.702937431123283,2.731696,1.395744,1.335952
5220921,10.999937431123284,3.210696,1.459744,1.7509519999999996
5222005,9.086937431123284,2.966696,1.333744,1.6329519999999995
5212791,11.13693743112328,3.007696,1.2797439999999998,1.727952
5212225,9.62793743112328,2.264696,1.1427439999999998,1.121952
5212640,9.393937431123282,2.210696,1.104744,1.1059519999999996
5213671,10.233937431123282,2.789696,1.350744,1.4389519999999998
5213724,11.196937431123285,3.098696,1.2397439999999995,1.858952
5215483,9.94193743112328,3.262696,1.4687439999999998,1.7939519999999998
5215314,10.838937431123282,2.766696,1.316744,1.4499519999999997
5214941,9.03493743112328,2.490696,1.443744,1.046952
5220806,12.29993743112328,3.758696,1.3557439999999998,2.402952
5222824,10.778937431123284,2.735696,1.2397439999999995,1.4959520000000002
5221629,12.75893743112328,3.516696,1.4927439999999998,2.0239519999999995
5221545,12.190937431123285,3.463696,1.695744,1.7679519999999995
5212532,9.38693743112328,2.398696,1.2027439999999998,1.195952
5213230,10.66593743112328,2.825696,1.458744,1.3669519999999995
5214122,9.128937431123282,2.465696,1.253744,1.211952
5214142,9.615937431123283,2.378696,1.2157440000000002,1.1629519999999995
5213676,9.41893743112328,2.144696,1.070744,1.0739519999999998
5213629,12.594937431123284,3.455696,1.583744,1.871952
5214686,10.272937431123284,2.339696,1.088744,1.2509519999999996
5214881,9.310937431123284,2.990696,1.361744,1.6289519999999995
5215615,12.942937431123282,3.606696,1.607744,1.998952
5222967,9.291937431123282,2.267696,1.1027439999999995,1.1649520000000002
5231828,11.073937431123282,3.017696,1.330744,1.686952
5232984,10.675937431123282,2.996696,1.3927439999999998,1.6039519999999998
5232964,10.45393743112328,2.777696,1.216744,1.5609519999999997
5222801,10.521937431123282,2.850696,1.2277439999999995,1.622952
5222772,9.18393743112328,2.081696,1.040744,1.040952
5222771,11.487937431123283,3.195696,1.454744,1.7409519999999998
5224084,11.204937431123282,3.005696,1.508744,1.496952
5230770,9.60493743112328,2.370696,1.017744,1.3529519999999997
5231075,9.417937431123285,2.897696,1.282744,1.614952
5231477,11.782937431123282,2.810696,1.3037439999999998,1.5069519999999998
5231004,9.829937431123282,2.612696,1.181744,1.4309519999999998
5232610,9.27993743112328,2.396696,1.160744,1.235952
5232572,12.602937431123282,3.547696,1.877744,1.6699519999999997
5222867,12.942937431123282,3.870696,2.0347440000000003,1.8359519999999996
5224769,11.121937431123284,2.697696,1.3237439999999998,1.3739519999999998
5230910,9.20693743112328,2.485696,1.169744,1.315952
5230406,11.15193743112328,3.169696,1.471744,1.6979519999999997
5233282,9.893937431123282,2.402696,1.128744,1.2739519999999998
5225639,11.564937431123282,3.116696,1.5017439999999995,1.614952
5231326,12.006937431123282,3.275696,1.507744,1.767952
5230494,11.199937431123285,3.014696,1.5737439999999998,1.440952
5230721,10.519937431123283,2.738696,1.321744,1.4169519999999995
5230324,12.862937431123283,3.498696,1.523744,1.974952
5232465,11.544937431123282,2.885696,1.330744,1.554952
5231507,9.68393743112328,2.548696,1.2797439999999998,1.268952
5233933,9.45393743112328,2.243696,1.1547439999999998,1.088952
5224396,11.589937431123284,3.226696,1.612744,1.6139519999999996
5225445,12.429937431123284,3.426696,1.471744,1.954952
5225178,10.72393743112328,2.924696,1.349744,1.574952
5224715,9.72693743112328,2.529696,1.256744,1.272952
5230660,11.001937431123284,3.005696,1.435744,1.569952
5230473,9.608937431123282,2.177696,1.076744,1.1009520000000002
5230374,9.11993743112328,2.959696,1.285744,1.6739519999999997
5232915,9.99193743112328,2.395696,1.195744,1.1999519999999997
5233790,10.24493743112328,2.810696,1.395744,1.4149519999999998
5233424,10.75093743112328,2.729696,1.3327440000000002,1.3969519999999995
5223432,11.20993743112328,3.000696,1.518744,1.4819519999999995
5225623,9.30293743112328,2.085696,1.0417439999999998,1.0439520000000002
5230956,10.24493743112328,2.517696,1.288744,1.2289519999999998
5231633,11.01793743112328,2.808696,1.269744,1.538952
5224002,12.871937431123284,3.352696,1.5377439999999998,1.814952
5224382,9.166937431123282,2.021696,0.993744,1.027952
5224350,9.221937431123282,2.039696,0.999744,1.0399519999999998
5225976,9.057937431123284,2.024696,1.0337439999999998,0.9909520000000004
5225207,11.609937431123283,3.450696,1.7197439999999995,1.730952
5225529,11.60493743112328,3.016696,1.391744,1.6249519999999995
5234115,10.599937431123282,3.169696,1.625744,1.5439519999999998
5233600,12.224937431123282,3.126696,1.4287439999999998,1.697952
5223022,10.58193743112328,2.546696,1.2307439999999998,1.315952
5223106,11.385937431123285,2.683696,1.2637439999999998,1.419952
5223968,10.967937431123284,3.256696,1.4617440000000002,1.7949519999999997
5225163,10.277937431123284,2.909696,1.3407440000000002,1.5689519999999997
5224848,10.300937431123282,3.029696,1.329744,1.699952
5225711,11.32593743112328,2.813696,1.345744,1.4679519999999997
5230491,10.420937431123283,2.763696,1.2797439999999998,1.4839520000000002
5230345,12.242937431123282,3.115696,1.439744,1.675952
5232861,11.33493743112328,2.780696,1.265744,1.514952
5231971,10.760937431123285,2.842696,1.415744,1.4269519999999998
5234092,10.095937431123284,3.111696,1.4487439999999998,1.662952
5233117,11.18093743112328,2.587696,1.217744,1.3699519999999998
5233510,10.08793743112328,2.687696,1.313744,1.3739519999999998
5223050,10.45093743112328,2.502696,1.274744,1.227952
5223697,11.48593743112328,3.388696,1.5297439999999998,1.858952
5223177,9.227937431123282,2.225696,1.148744,1.0769519999999997
5224782,9.932937431123284,2.262696,1.127744,1.1349519999999995
5225017,11.897937431123284,3.111696,1.3967439999999998,1.714952
5230831,11.474937431123282,2.690696,1.2157440000000002,1.4749519999999998
5233283,10.167937431123285,2.497696,1.157744,1.339952
5222824,10.94193743112328,2.980696,1.4127439999999998,1.5679519999999998
5223229,11.595937431123284,2.893696,1.3357439999999998,1.557952
5223769,12.858937431123282,3.481696,1.7427439999999998,1.738952
5225927,10.852937431123282,2.830696,1.429744,1.4009519999999995
5231578,10.964937431123284,2.866696,1.318744,1.5479519999999998
5231584,11.403937431123284,3.026696,1.449744,1.5769519999999997
5234120,10.013937431123283,2.690696,1.2597439999999998,1.4309520000000002
5233361,11.12793743112328,2.977696,1.337744,1.639952
5233985,10.748937431123284,2.551696,1.133744,1.417952
5224583,9.775937431123284,2.490696,1.2347439999999998,1.255952
5225065,9.480937431123282,2.445696,1.086744,1.358952
5225220,10.725937431123285,2.752696,1.387744,1.364952
5230140,10.111937431123282,2.889696,1.254744,1.634952
5232185,9.429937431123284,2.099696,1.050744,1.048952
5232121,9.068937431123285,2.195696,1.103744,1.0919519999999998
5231682,10.111937431123282,2.5816959999999995,1.192744,1.3889519999999995
5231888,12.492937431123282,3.291696,1.504744,1.786952
